U 983 194 0
U 325 379 0
U 697 129 0
U 958 541 0
U 677 825 0
U 306 956 0
U 41 677 0
U 627 758 0
U 67 539 0
U 482 463 0
U 593 596 0
U 594 474 0
U 361 469 0
U 294 656 0
U 880 865 0
U 588 123 0
U 695 137 0
U 825 560 0
U 998 636 0
U 717 311 0
U 106 27 0
U 584 371 0
U 144 211 0
U 534 500 0
U 562 713 0
U 403 630 0
U 750 528 0
U 569 832 0
U 715 206 0
U 32 588 0
U 558 62 0
U 99 401 0
U 450 396 0
U 484 240 0
U 912 490 0
U 257 232 0
U 478 255 0
U 113 258 0
U 265 109 0
U 822 101 0
U 94 892 0
U 56 451 0
U 339 718 0
U 926 804 0
U 166 572 0
U 257 363 0
U 238 142 0
U 991 668 0
U 513 782 0
U 549 196 0
U 249 496 0
U 742 555 0
U 301 90 0
U 210 848 0
U 451 607 0
U 311 81 0
U 647 896 0
U 542 98 0
U 682 79 0
U 15 265 0
U 307 95 0
U 571 170 0
U 287 100 0
U 322 189 0
U 129 265 0
U 452 619 0
U 958 476 0
U 308 762 0
U 605 104 0
U 648 307 0
U 570 500 0
U 452 981 0
U 289 110 0
U 48 807 0
U 580 74 0
U 100 616 0
U 574 868 0
U 69 473 0
U 843 913 0
U 337 85 0
U 269 35 0
U 993 690 0
U 38 705 0
U 571 755 0
U 245 600 0
U 552 418 0
U 101 629 0
U 910 612 0
U 23 285 0
U 939 831 0
U 726 922 0
U 17 298 0
U 45 703 0
U 292 1 0
U 791 422 0
U 364 853 0
U 883 456 0
U 847 374 0
U 746 474 0
U 245 978 0
U 273 42 0
U 659 321 0
U 358 501 0
U 110 628 0
U 659 445 0
U 349 878 0
U 387 53 0
U 584 98 0
U 228 877 0
U 823 956 0
U 955 706 0
U 184 246 0
U 365 186 0
U 675 792 0
U 499 179 0
U 160 41 0
U 335 416 0
U 715 951 0
U 512 914 0
U 749 921 0
U 803 89 0
U 382 296 0
U 387 291 0
U 233 881 0
U 872 241 0
U 964 394 0
U 398 167 0
U 995 1 0
U 7 198 0
U 861 137 0
U 526 111 0
U 207 433 0
U 576 306 0
U 137 506 0
U 20 997 0
U 58 722 0
U 194 379 0
U 532 591 0
U 571 796 0
U 624 261 0
U 598 778 0
U 706 981 0
U 62 964 0
U 512 818 0
U 389 89 0
U 849 843 0
U 869 947 0
U 87 825 0
U 12 539 0
U 88 44 0
U 292 963 0
U 655 481 0
U 571 322 0
U 502 398 0
U 86 272 0
U 65 177 0
U 815 648 0
U 161 745 0
U 320 589 0
U 281 628 0
U 160 748 0
U 101 326 0
U 716 992 0
U 510 50 0
U 998 710 0
U 305 8 0
U 532 936 0
U 928 661 0
U 914 798 0
U 616 619 0
U 319 13 0
U 586 690 0
U 400 273 0
U 102 452 0
U 372 424 0
U 376 302 0
U 342 699 0
U 375 786 0
U 790 9 0
U 507 294 0
U 794 7 0
U 938 427 0
U 260 784 0
U 292 994 0
U 291 995 0
U 282 882 0
U 577 350 0
U 511 297 0
U 771 279 0
U 856 193 0
U 562 804 0
U 814 552 0
U 118 215 0
U 740 509 0
U 449 802 0
U 802 207 0
U 119 219 0
U 557 819 0
U 16 695 0
U 340 591 0
