U 870 188 0
U 251 204 0
U 351 106 0
U 366 457 0
U 82 196 0
U 660 955 0
U 177 768 0
U 464 910 0
U 185 97 0
U 817 681 0
U 910 103 0
U 667 833 0
U 756 745 0
U 656 67 0
U 560 261 0
U 153 791 0
U 297 530 0
U 669 161 0
U 762 981 0
U 265 564 0
U 227 362 0
U 867 880 0
U 572 935 0
U 770 737 0
U 458 378 0
U 922 224 0
U 701 687 0
U 796 959 0
U 649 984 0
U 898 737 0
U 404 868 0
U 57 795 0
U 790 283 0
U 151 560 0
U 486 471 0
U 131 586 0
U 166 796 0
U 573 705 0
U 479 248 0
U 633 765 0
U 520 636 0
U 947 338 0
U 49 454 0
U 270 692 0
U 201 160 0
U 651 872 0
U 586 267 0
U 550 737 0
U 477 31 0
U 235 31 0
U 16 930 0
U 491 363 0
U 623 791 0
U 857 321 0
U 786 92 0
U 877 667 0
U 253 23 0
U 56 103 0
U 14 388 0
U 691 296 0
U 706 918 0
U 270 234 0
U 291 455 0
U 163 588 0
U 262 367 0
U 853 451 0
U 998 672 0
U 256 930 0
U 906 163 0
U 678 513 0
U 70 338 0
U 463 295 0
U 958 16 0
U 941 494 0
U 532 420 0
U 572 988 0
U 25 49 0
U 887 672 0
U 477 603 0
U 519 684 0
U 947 376 0
U 352 66 0
U 151 135 0
U 124 169 0
U 588 980 0
U 277 259 0
U 651 558 0
U 111 72 0
U 324 405 0
U 107 864 0
U 23 165 0
U 416 318 0
U 249 968 0
U 226 628 0
U 936 833 0
U 607 249 0
U 706 829 0
U 482 971 0
U 772 443 0
U 832 141 0
U 292 9 0
U 752 222 0
U 396 702 0
U 893 567 0
U 310 424 0
U 323 774 0
U 324 413 0
U 995 589 0
U 121 74 0
U 70 126 0
U 98 100 0
U 749 119 0
U 509 239 0
U 702 838 0
U 607 935 0
U 482 189 0
U 212 776 0
U 672 559 0
U 644 226 0
U 740 801 0
U 118 996 0
U 210 781 0
U 441 312 0
U 241 874 0
U 114 885 0
U 313 202 0
U 305 212 0
U 753 921 0
U 83 257 0
U 970 829 0
U 732 947 0
U 904 533 0
U 803 757 0
U 40 73 0
U 707 616 0
U 15 763 0
U 514 27 0
U 832 170 0
U 138 194 0
U 642 363 0
U 687 563 0
U 852 155 0
U 152 616 0
U 167 722 0
U 737 151 0
U 874 256 0
U 617 274 0
U 94 131 0
U 133 999 0
U 456 555 0
U 841 604 0
U 365 408 0
U 869 146 0
U 31 199 0
U 44 188 0
U 449 208 0
U 603 968 0
U 839 974 0
U 924 408 0
U 36 632 0
U 868 708 0
U 360 532 0
U 366 771 0
U 895 488 0
U 445 456 0
U 96 141 0
U 547 114 0
U 909 432 0
U 709 752 0
U 471 673 0
U 590 799 0
U 195 712 0
U 795 353 0
U 548 361 0
U 385 646 0
U 628 161 0
U 532 939 0
U 809 664 0
U 39 891 0
U 53 999 0
U 493 542 0
U 4 310 0
U 259 540 0
U 253 787 0
U 934 784 0
U 468 457 0
U 967 873 0
U 88 855 0
U 788 382 0
U 391 418 0
U 515 970 0
U 534 279 0
U 863 744 0
U 985 80 0
U 808 320 0
U 917 695 0
U 933 678 0
U 63 642 0
U 699 914 0
U 589 906 0
