U 132 562 0
U 497 680 0
U 640 297 0
U 176 643 0
U 463 236 0
U 754 985 0
U 850 529 0
U 695 806 0
U 812 329 0
U 909 112 0
U 147 560 0
U 342 5 0
U 790 834 0
U 793 833 0
U 734 773 0
U 460 806 0
U 930 578 0
U 112 120 0
U 388 330 0
U 577 143 0
U 965 550 0
U 885 633 0
U 567 158 0
U 831 689 0
U 466 933 0
U 308 971 0
U 60 556 0
U 427 856 0
U 45 456 0
U 908 258 0
U 1000 460 0
U 254 596 0
U 579 152 0
U 880 767 0
U 303 865 0
U 128 5 0
U 655 91 0
U 495 916 0
U 205 604 0
U 937 113 0
U 592 36 0
U 627 665 0
U 91 417 0
U 549 988 0
U 738 679 0
U 48 106 0
U 463 273 0
U 386 473 0
U 396 223 0
U 261 117 0
U 700 594 0
U 450 964 0
U 467 950 0
U 542 874 0
U 745 431 0
U 297 208 0
U 321 74 0
U 375 929 0
U 899 647 0
U 427 757 0
U 438 746 0
U 597 395 0
U 973 571 0
U 168 587 0
U 655 775 0
U 960 348 0
U 839 472 0
U 127 941 0
U 965 347 0
U 464 67 0
U 68 100 0
U 99 432 0
U 121 49 0
U 249 42 0
U 8 828 0
U 76 218 0
U 38 932 0
U 421 895 0
U 720 233 0
U 765 553 0
U 498 942 0
U 774 303 0
U 105 972 0
U 639 683 0
U 479 964 0
U 457 746 0
U 603 919 0
U 150 135 0
U 277 373 0
U 900 180 0
U 923 163 0
U 242 726 0
U 482 62 0
U 800 720 0
U 867 102 0
U 75 353 0
U 813 950 0
U 66 484 0
U 65 245 0
U 116 74 0
U 606 801 0
U 827 824 0
U 484 171 0
U 31 959 0
U 396 263 0
U 397 385 0
U 620 478 0
U 207 651 0
U 308 671 0
U 615 3 0
U 245 616 0
U 809 178 0
U 606 933 0
U 610 252 0
U 320 300 0
U 941 284 0
U 756 593 0
U 553 679 0
U 578 416 0
U 987 369 0
U 449 305 0
U 510 914 0
U 36 298 0
U 82 804 0
U 42 609 0
U 510 480 0
U 941 297 0
U 501 257 0
U 157 603 0
U 363 96 0
U 245 999 0
U 253 86 0
U 219 546 0
U 899 228 0
U 769 358 0
U 81 933 0
U 948 855 0
U 810 88 0
U 518 804 0
U 759 24 0
U 874 130 0
U 514 370 0
U 176 712 0
U 589 667 0
U 225 546 0
U 406 367 0
U 768 8 0
U 168 728 0
U 806 761 0
U 161 174 0
U 460 675 0
U 493 527 0
U 798 469 0
U 852 722 0
U 93 942 0
U 915 305 0
U 440 469 0
U 421 246 0
U 204 463 0
U 501 165 0
U 842 984 0
U 319 235 0
U 74 972 0
U 71 736 0
U 837 877 0
U 633 54 0
U 709 888 0
U 748 66 0
U 892 389 0
U 686 234 0
U 887 396 0
U 366 311 0
U 253 549 0
U 115 205 0
U 107 334 0
U 725 873 0
U 606 871 0
U 799 9 0
U 11 443 0
U 415 706 0
U 190 172 0
U 14 443 0
U 374 791 0
U 573 232 0
U 649 280 0
U 795 376 0
U 230 699 0
U 190 859 0
U 782 941 0
U 562 249 0
U 546 389 0
U 611 995 0
U 701 784 0
U 203 7 0
U 953 776 0
U 938 671 0
U 795 938 0
U 999 72 0
U 444 929 0
U 58 894 0
