U 179 760 25
U 242 216 23
U 599 466 26
U 720 894 0
U 878 500 4
U 236 229 6
U 63 652 4
U 327 814 3
U 417 724 19
U 75 523 16
U 837 305 29
U 310 157 13
U 341 246 15
U 133 575 29
U 198 876 17
U 864 880 7
U 412 72 12
U 43 563 3
U 604 666 5
U 413 739 8
U 808 101 10
U 560 150 18
U 571 386 26
U 860 891 17
U 105 493 1
U 385 216 9
U 127 234 19
U 940 334 25
U 147 577 18
U 287 318 11
U 73 662 15
U 524 91 5
U 214 705 25
U 797 968 27
U 618 663 29
U 32 588 29
U 729 314 21
U 21 918 5
U 179 670 25
U 224 143 6
U 344 389 6
U 213 156 25
U 212 157 13
U 524 640 24
U 264 228 0
U 854 551 19
U 524 883 19
U 822 101 11
U 821 105 18
U 119 939 18
U 274 466 1
U 382 238 12
U 806 29 14
U 325 971 9
U 637 661 10
U 555 742 8
U 414 520 5
U 436 861 24
U 920 256 12
U 624 310 28
U 988 672 6
U 518 540 14
U 986 435 25
U 976 687 21
U 472 708 9
U 556 508 23
U 141 362 9
U 273 478 7
U 402 540 9
U 90 793 12
U 694 614 11
U 673 877 14
U 854 215 27
U 958 476 17
U 676 757 3
U 403 546 22
U 26 141 22
U 978 339 17
U 260 370 9
U 320 750 2
U 243 155 15
U 476 164 21
U 256 389 7
U 393 804 14
U 984 335 3
U 527 674 11
U 819 148 26
U 98 207 2
U 173 356 26
U 2 167 23
U 201 640 23
U 792 414 5
U 899 430 6
U 411 675 18
U 843 369 22
U 464 989 24
U 443 405 9
U 545 548 18
U 539 432 6
U 218 632 5
U 804 845 16
U 712 938 24
U 367 69 10
U 502 909 2
U 283 251 23
U 341 193 26
U 481 298 7
U 361 852 25
U 561 412 1
U 180 913 6
U 273 701 12
U 828 395 23
U 502 479 18
U 619 365 8
U 74 489 0
U 647 218 0
U 726 817 23
U 358 193 21
U 497 298 0
U 864 241 14
U 733 255 28
U 156 715 20
U 475 519 9
U 637 478 11
U 734 259 22
U 929 189 7
U 619 930 20
U 238 99 14
U 350 880 9
U 770 101 14
U 486 993 3
U 887 350 4
U 470 646 6
U 146 730 0
U 470 405 20
U 674 445 12
U 447 675 24
U 429 693 1
U 798 205 27
U 434 568 20
U 415 466 1
U 636 7 29
U 650 906 24
U 938 80 11
U 172 392 6
U 75 828 2
U 375 750 10
U 920 888 24
U 904 544 8
U 789 904 24
U 71 958 17
U 36 96 11
U 864 397 0
U 302 595 18
U 415 242 0
U 548 477 19
U 283 79 24
U 613 725 0
U 516 48 15
U 961 183 4
U 687 340 16
U 607 181 24
U 663 124 0
U 568 464 22
U 772 138 7
U 388 646 12
U 459 332 19
U 346 448 10
U 839 197 19
U 685 108 18
U 523 149 16
U 305 8 19
U 31 658 17
U 509 967 11
U 19 313 15
U 429 25 11
U 304 1000 21
U 924 792 8
U 129 674 21
U 477 326 27
U 555 127 20
U 466 215 11
U 814 785 4
U 846 873 1
U 682 11 7
U 996 847 28
U 659 701 16
U 708 410 27
U 87 975 18
U 232 572 11
U 451 473 24
U 298 871 5
U 193 614 23
U 104 464 23
U 300 388 24
U 185 627 1
U 307 388 11
U 426 269 21
U 744 863 19
U 82 508 20
