U 153 783 14
U 343 472 3
U 181 512 15
U 493 203 17
U 226 590 6
U 372 325 21
U 473 469 22
U 699 368 18
U 672 823 0
U 601 534 17
U 776 845 7
U 698 801 20
U 729 411 0
U 556 393 28
U 831 672 9
U 379 695 17
U 258 215 13
U 259 576 20
U 717 552 24
U 596 915 2
U 707 200 8
U 511 99 6
U 317 957 4
U 774 79 20
U 180 893 29
U 473 485 26
U 292 667 15
U 252 227 14
U 342 811 21
U 710 564 11
U 365 358 12
U 114 127 15
U 717 446 7
U 34 343 29
U 38 223 11
U 920 121 25
U 713 570 4
U 320 720 8
U 230 934 10
U 243 129 14
U 955 692 18
U 815 590 26
U 155 216 8
U 410 876 24
U 626 421 10
U 514 533 22
U 725 201 4
U 626 541 15
U 535 995 10
U 655 754 6
U 709 100 5
U 304 504 13
U 208 603 5
U 292 680 19
U 460 271 1
U 490 368 13
U 439 181 2
U 448 296 9
U 801 494 8
U 630 788 11
U 894 524 6
U 680 738 24
U 675 987 21
U 749 673 3
U 318 987 23
U 826 913 11
U 191 791 14
U 947 916 12
U 883 783 29
U 655 770 14
U 478 399 14
U 617 571 9
U 432 877 22
U 217 850 18
U 854 333 14
U 561 629 13
U 72 334 14
U 835 10 26
U 957 11 10
U 177 460 24
U 184 578 17
U 583 852 5
U 229 171 18
U 199 564 17
U 905 290 11
U 855 461 0
U 833 365 8
U 653 427 24
U 271 26 22
U 818 265 8
U 15 287 6
U 808 952 24
U 831 25 22
U 17 722 29
U 130 951 22
U 584 189 6
U 460 863 19
U 606 18 3
U 383 268 12
U 129 280 2
U 582 745 6
U 283 802 16
U 112 731 19
U 572 90 2
U 912 172 25
U 220 988 12
U 397 811 23
U 845 120 6
U 962 369 27
U 689 526 4
U 942 708 24
U 582 196 24
U 251 284 3
U 978 15 14
U 180 915 22
U 397 148 24
U 586 996 7
U 858 360 17
U 640 699 15
U 758 345 4
U 297 21 12
U 857 920 24
U 987 912 16
U 865 913 28
U 308 318 22
U 935 603 1
U 375 290 26
U 835 47 3
U 199 474 24
U 870 598 14
U 553 679 15
U 418 571 18
U 617 379 21
U 68 143 21
U 933 71 24
U 195 484 1
U 284 276 4
U 37 857 1
U 962 154 11
U 711 162 27
U 351 646 29
U 573 544 3
U 942 296 7
U 175 824 27
U 313 204 28
U 732 148 7
U 707 295 13
U 505 497 23
U 639 489 6
U 705 731 8
U 47 976 12
U 270 853 19
U 997 371 25
U 379 992 17
U 577 796 3
U 741 705 6
U 636 934 24
U 802 889 18
U 506 702 21
U 265 194 0
U 698 684 9
U 848 177 7
U 860 714 7
U 229 795 27
U 651 926 28
U 883 814 21
U 619 965 4
U 181 289 6
U 187 162 29
U 132 771 28
U 579 691 2
U 195 711 25
U 202 347 2
U 479 677 15
U 922 787 10
U 635 710 3
U 819 652 17
U 669 802 17
U 305 802 3
U 622 729 5
U 865 609 29
U 441 470 10
U 454 460 18
U 883 396 4
U 981 176 2
U 308 370 16
U 696 465 25
U 213 588 6
U 359 688 22
U 714 520 29
U 597 328 11
U 200 360 25
U 193 972 14
U 317 130 5
U 625 184 24
U 398 653 26
U 502 984 20
U 925 565 3
U 854 94 25
U 459 14 21
