U 529 290 15
U 197 621 8
U 896 166 21
U 548 396 29
U 927 692 8
U 844 656 6
U 899 601 0
U 572 808 16
U 756 745 25
U 153 791 8
U 285 301 27
U 297 530 17
U 669 161 27
U 762 981 11
U 168 664 13
U 867 880 18
U 770 737 12
U 572 935 26
U 622 521 19
U 701 687 24
U 849 780 3
U 498 339 20
U 704 323 16
U 632 999 29
U 238 117 13
U 649 984 1
U 563 44 19
U 43 325 16
U 719 313 10
U 638 96 15
U 790 283 15
U 132 580 9
U 486 471 12
U 166 796 29
U 895 740 25
U 328 154 27
U 478 366 2
U 209 154 11
U 139 346 2
U 479 248 25
U 312 844 5
U 858 540 18
U 963 439 22
U 764 99 11
U 98 527 24
U 383 588 27
U 487 362 17
U 134 354 18
U 783 987 11
U 356 814 9
U 477 31 26
U 129 926 16
U 99 536 18
U 57 459 21
U 16 930 21
U 588 390 9
U 131 244 10
U 568 171 20
U 186 676 2
U 189 317 8
U 854 322 0
U 422 878 12
U 786 92 1
U 807 253 1
U 917 387 27
U 56 103 12
U 23 812 25
U 492 255 11
U 262 367 8
U 560 502 2
U 284 901 17
U 502 323 27
U 627 320 6
U 331 181 6
U 586 174 24
U 2 395 16
U 958 16 20
U 484 157 10
U 367 277 22
U 143 259 14
U 501 698 23
U 477 603 9
U 697 80 7
U 864 457 2
U 295 905 4
U 519 684 13
U 324 639 23
U 657 549 18
U 65 116 1
U 195 574 18
U 18 846 5
U 352 975 17
U 676 771 3
U 277 259 27
U 287 806 13
U 324 405 23
U 944 701 18
U 779 678 24
U 357 619 2
U 272 385 3
U 832 141 26
U 752 222 17
U 520 214 21
U 519 460 14
U 709 390 21
U 311 309 0
U 203 419 1
U 847 810 22
U 749 119 23
U 619 6 1
U 936 607 28
U 607 935 20
U 705 281 2
U 450 656 7
U 482 868 15
U 393 957 11
U 524 587 5
U 618 494 17
U 375 75 26
U 738 379 21
U 7 988 1
U 955 832 1
U 827 727 2
U 747 807 7
U 210 781 25
U 174 941 20
U 798 320 19
U 114 885 6
U 384 977 0
U 811 187 17
U 920 994 10
U 884 237 19
U 424 576 18
U 904 533 14
U 870 809 10
U 716 844 23
U 88 258 0
U 803 757 12
U 619 822 2
U 15 763 17
U 681 322 23
U 493 755 4
U 687 563 20
U 271 857 0
U 152 616 20
U 434 698 22
U 862 943 10
U 118 535 2
U 841 604 11
U 31 199 4
U 869 146 4
U 44 188 23
U 915 534 15
U 427 109 18
U 822 626 12
U 839 974 4
U 868 708 0
U 36 632 2
U 187 390 21
U 792 580 21
U 281 177 12
U 470 544 23
U 291 725 20
U 125 413 15
U 96 141 5
U 568 577 16
U 853 966 6
U 994 947 2
U 789 912 10
U 909 432 4
U 949 997 28
U 929 534 29
U 471 673 8
U 331 215 27
U 391 639 27
U 431 236 29
U 878 154 10
U 768 387 0
U 910 552 11
U 601 987 6
U 897 939 17
U 428 25 11
U 391 645 11
U 253 787 20
U 474 569 3
U 254 306 16
U 746 177 20
U 715 524 6
U 65 90 21
U 329 917 16
U 75 629 29
U 290 752 11
U 788 382 5
U 796 257 14
U 799 498 25
U 611 877 5
U 984 746 8
U 200 809 3
U 73 513 29
U 672 260 19
